<?xml version="1.0"?>
<opencv_storage>
<calibration_Time>"Thu 13 Jul 2017 03:24:17 PM CEST"</calibration_Time>
<nrOfFrames>50</nrOfFrames>
<image_Width>640</image_Width>
<image_Height>360</image_Height>
<board_Width>9</board_Width>
<board_Height>6</board_Height>
<square_Size>24.</square_Size>
<FixAspectRatio>1.</FixAspectRatio>
<!-- flags:  +fix_aspectRatio +fix_principal_point +zero_tangent_dist -->
<flagValue>14</flagValue>
<Camera_Matrix type_id="opencv-matrix">
  <rows>3</rows>
  <cols>3</cols>
  <dt>d</dt>
  <data>
    4.8488441935486514e+02 0. 320. 0. 4.8488441935486514e+02 180. 0. 0.
    1.</data></Camera_Matrix>
<Distortion_Coefficients type_id="opencv-matrix">
  <rows>5</rows>
  <cols>1</cols>
  <dt>d</dt>
  <data>
    1.6541397736403166e-01 -3.1762679367786140e-01 0. 0.
    -1.4358526468495059e-01</data></Distortion_Coefficients>
<Avg_Reprojection_Error>7.0972431621177612e-01</Avg_Reprojection_Error>
<Per_View_Reprojection_Errors type_id="opencv-matrix">
  <rows>50</rows>
  <cols>1</cols>
  <dt>f</dt>
  <data>
    7.97808692e-02 1.25242993e-01 2.28086567e+00 1.20661691e-01
    2.76173115e-01 6.27004325e-01 7.62970567e-01 6.99653387e-01
    1.04758656e+00 6.77222431e-01 7.98835576e-01 9.27710772e-01
    4.26244855e-01 2.84838438e-01 1.77058280e-01 2.10517868e-01
    3.15221757e-01 2.66321689e-01 2.74475157e-01 4.00292099e-01
    3.34947467e-01 2.44070426e-01 4.96549010e-01 2.38188243e+00
    5.62615991e-01 3.57640207e-01 3.03596914e-01 4.39006984e-01
    2.93931127e-01 3.49522740e-01 3.10958058e-01 3.31426263e-01
    3.08480769e-01 2.76748151e-01 6.52969956e-01 5.85227072e-01
    2.28488779e+00 2.21781000e-01 2.33467728e-01 3.25792640e-01
    1.37787625e-01 2.83754736e-01 2.79303312e-01 3.48331392e-01
    2.98183799e-01 3.17580074e-01 2.61609465e-01 5.37211478e-01
    2.19091073e-01 3.24480772e-01</data></Per_View_Reprojection_Errors>
<!-- a set of 6-tuples (rotation vector + translation vector) for each view -->
<Extrinsic_Parameters type_id="opencv-matrix">
  <rows>50</rows>
  <cols>6</cols>
  <dt>d</dt>
  <data>
    -2.1659173473006384e-02 2.2949433053039159e-01
    -7.5349369190209292e-02 -4.5407523637385466e+01
    -1.0116313949387440e+02 5.9403246695339487e+02
    -4.9402683847314430e-02 -1.7029784147224250e-01
    -1.3350342875335464e-01 -5.6230193867378354e+01
    -9.1642156367436499e+01 5.3486038995585591e+02
    4.3608088085389032e-03 -6.8403048127780464e-01
    -1.5946141459780003e-01 -2.3588455019829890e+01
    -9.5415927574028089e+01 4.6901609640079295e+02
    -1.1737625007866113e-01 2.8654662319939656e-01
    1.4021474227188879e+00 1.7115961908372159e+02
    -1.4662497977156707e+02 6.2101373415498301e+02
    2.2521448796376337e-01 7.7206794391665307e-02 1.1210877624930387e+00
    1.0267971450380196e+02 -1.3348048601188313e+02
    5.4571173423645291e+02 4.7379845540038573e-01 5.7039032402343470e-01
    1.1381244473161742e+00 1.2175297048152775e+02
    -1.1972152257531671e+02 5.9740576143909402e+02
    3.7723038628131739e-01 4.4573331499468472e-01 1.1574886135756735e+00
    -3.7517548676199830e+01 -1.3428493673286911e+02
    6.3897894397502307e+02 1.4192930291732594e-01
    -5.6181319326517277e-03 1.5014478282544974e+00
    1.8211401733666776e+02 -7.6501780101990349e+01
    4.0815109411589248e+02 2.0877853473916702e-01 8.5258206355683305e-02
    1.5575361308479099e+00 -6.1555069490455665e+01
    -8.2078921643550871e+01 4.1971876646607132e+02
    2.3039176944274881e-01 1.7579946562606369e-01 1.5404072831982054e+00
    -8.5748438566875890e+01 -1.2713479220606187e+02
    5.4441386602228260e+02 1.2871398948064955e-01 1.6783943321799849e-01
    9.5648752077525423e-01 -1.5536911913265129e+02
    -7.2402555550598564e+01 5.2871976450757563e+02
    6.3851475479897182e-02 1.8678538585448157e-01 9.0591506828172097e-01
    -2.1012434849858712e+02 -1.0634627435385241e+02
    5.5460306308140957e+02 5.9453237695651813e-02 1.4340754973320072e-01
    8.6829381840333719e-01 -7.4823531447115215e+01
    -8.9504871295101850e+01 5.2517536526357401e+02
    8.8032860150225420e-02 1.0301458408660971e-01 1.6602380722568673e+00
    7.4258248415679731e+01 -1.3158771665468205e+02
    4.8752537489796379e+02 1.3785962347135849e-01 9.6174982850977517e-02
    2.5026119062030041e+00 1.2868275613532822e+02
    -8.8356908360806924e-02 4.7499495701413940e+02
    1.9202369073130648e-01 1.0756178558522296e-01 2.5266474076237269e+00
    1.1676920886669784e+02 -2.3984042748740588e+01
    6.2877893435993838e+02 9.3376574249241825e-02 2.2103533037055323e-01
    1.9622308120795160e+00 6.5517674126321836e+01
    -5.2204837651501037e+01 6.1878310931883539e+02
    5.3837889236796832e-02 -1.1361559152026064e-01
    -2.9151158052206609e+00 1.9733760533641424e+02
    7.8629626558871649e+01 6.0566726478308408e+02 1.1386216364368162e-01
    2.7555086466839696e-01 2.5067826785959313e+00 1.6070333918617399e+02
    -3.6070406159890060e+00 5.7033463465195996e+02
    2.5259831982275577e-01 3.4367204351305342e-01
    -3.2701188473475695e-02 -2.6676980926859585e+02
    -4.8762561215252042e+01 5.7748474056768259e+02
    2.0420544608835856e-01 5.8397737291098213e-02 7.6776781372646069e-02
    -2.6029816866994764e+02 -6.1149566098358967e+01
    5.1726013146611240e+02 1.4436292314843419e-01
    -1.6447993795992988e-01 1.3081639975004483e-01
    -2.3433510566213820e+02 -6.7012719581828890e+01
    4.6008219169580519e+02 2.8078732663258460e-01
    -8.6670256546124591e-02 7.0420655256579678e-01
    -1.5924901278253085e+02 -1.2959441206779789e+02
    4.5949298580044064e+02 3.7746510135032835e-01 5.9320361868961380e-01
    7.1783262622389310e-01 -1.4440834034763037e+02
    -1.3093695763857525e+02 5.6899779768448400e+02
    2.4747733179696105e-01 3.3356808303317953e-01 2.0349078852441010e-01
    -1.4768431628325894e+02 -4.9807448511879514e+01
    4.9563735274130192e+02 1.7651799965085077e-01 3.5776839893007450e-01
    3.5749010320919830e-02 -1.2014928471661052e+02
    -1.9620997998883894e+01 4.8883056968713566e+02
    1.5893163687263961e-01 5.8073189428312841e-02
    -2.5123188419979358e-02 -1.1169875024904731e+02
    -1.0678460119618526e+01 4.3010090944998080e+02
    1.0606515973360030e-01 -4.3424906215271258e-02
    1.4651474262636550e-03 2.4260356355744953e+01
    -2.1969308359416981e+01 4.2717996800883253e+02
    1.3325128560771743e-01 -1.4436484808057643e-02
    -1.6691836133410101e-02 1.8703415290203974e+01
    -1.1357471401560102e+02 4.1873378375506138e+02
    1.6211443852925594e-01 3.3046155650712575e-02 3.0812455785949020e-02
    -2.2932161494921934e+02 -1.0545331902786035e+02
    4.3540180099365602e+02 2.2085672492797917e-01 1.0154086161749379e-02
    5.3710626877359648e-02 -9.3004883673702068e+01
    -1.1608445862044270e+02 4.3089992492942406e+02
    1.3575871384672525e-01 1.4166141078577154e-02 5.6049348769634667e-02
    -1.1521609147292631e+02 -5.9735166365522900e+00
    4.1998791293742295e+02 9.4678669579606967e-02 6.4010914740503938e-02
    8.5308572942566316e-02 -2.0253873765807188e+02
    -2.8989344564753349e+01 4.3610098880266213e+02
    6.7812769383575430e-02 9.1678420648644565e-02 8.8920637240327935e-02
    -2.0870272285751508e+02 -5.5023682594846562e+01
    4.3643828732504267e+02 2.0203116295800833e-01
    -7.5588484733451117e-02 2.9588662419304253e-02
    4.2754475745624745e+01 -6.8708663469598633e+01
    4.2917505997818063e+02 1.6531384394264034e-02
    -6.0100634057443847e-01 -4.5091552477110435e-02
    5.4290358269812749e+01 -6.3254731129194930e+01
    3.9631963245492739e+02 -1.3475217936548677e-02
    -6.8466115246360282e-01 1.7407229837576238e-01
    5.5143242803056687e+01 -9.0278670188944218e+01
    3.9949569900978207e+02 2.5175898491128283e-02
    -2.2302108005824529e-02 1.7954865978513937e-01
    4.9631168833477046e+00 -8.7063010724132397e+01
    4.4691202931803645e+02 2.6679088827036908e-02 5.8463868746717518e-01
    2.3679067375446169e-01 -6.4160131091824582e+00
    -9.0488876325753310e+01 5.1199314672700433e+02
